Size <- vector(len = 90)
Size <- c(1.1, 1.7, 1.9, 1.7, 1.5, 1.5, 1.8, 1.8, 2.1, 2.1, 1.7, 1.4, 1.4, 1.4, 1.7, 1.8, 
+ 1.6, 1.6, 1.4, 1.3, 1.7, 1.5, 1.6, 1.7, 1.8, 1.3, 1.4, 1.7, 1.7, 1.7, 1.6, 1.5, 1.4, 1.3,
+ 1.6, 1.6, 1.6, 1.7, 1.6, 1.3, 1.3, 1.7, 1.7, 1.8, 1.8, 1.6, 1.4, 1.4, 1.8, 1.8, 1.9, 1.9, 1.7,
+ 1.5, 1.5, 1.9, 1.9, 1.9, 1.8, 1.5, 1.2, 1.1, 1.8, 1.8, 2.1, 1.9, 1.7, 1.6, 1.4, 2.0, 2.2, 
+ 1.8, 2.1, 1.9, 1.3, 1.3, 2.1, 1.9, 1.9, 2.2, 1.7, 1.5, 1.7, 2.0, 1.9, 1.7, 2.0, 1.5, 1.2)
m <- mean(Size, na.rm=T)
 # Assume a compression rate of 15%:
m <- m*100/15
print(m)

## write.table(x=m, file="AverageSize.txt")
