18.0063 
21.8312 
21.8402 
22.2552 
16.1538 
9.9108 
9.7049 
23.2024 
21.5884 
23.1167 
25.5459 
17.019 
9.0836 
5.9564 
6.3601 
23.6481 
22.028 
21.1168 
16.2311 
9.3446 
9.0729 
22.743 
12.44 
21.2437 
20.5333 
16.3809 
8.6008 
8.6546 
20.7139 
20.7706 
20.9786 
21.1952 
15.0613 
8.9534 
8.8619 
21.679 
22.484 
20.8782 
24.6169 
18.4091 
8.9415 
6.3725 
23.8132 
24.763 
22.3072 
21.9231 
16.2637 
9.5928 
9.5688 
22.1876 
23.482 
23.2946 
24.0339 
17.567 
10.4021 
10.5068 
22.6019 
22.5865 
22.2422 
21.7959 
15.4955 
5.8804 
10.4002 
23.1492 
22.6413 
23.5063 
23.031 
18.3876 
10.6694 
10.1165 
23.2275 
24.9514 
22.9472 
26.6843 
17.9463 
9.5988 
6.4882 
23.7534 
22.9533 
22.7601 
23.2099 
18.4848 
10.022 
10.7083 
22.7587 
23.7271 
22.9322 
22.7831 
15.6738 
8.0192
